11111111111111111111111111111111111111111111111111111111111111111
10000000000000000000000000000000000000000000000000000000000000001
10000000000000000000000000000000000000000000000000000000000000001
10011111100100001000011110010000100001000100000011100000100001001
10010000000100001000100000010001000001000100000100010000100001001
10010000000100001001000000010010000001000100001000001000100001001
10010000000100001001000000010100000000101000010000000100100001001
10011111100100001001000000011000000000010000010000000100100001001
10010000000100001001000000010100000000010000010000000100100001001
10010000000100001001000000010010000000010000001000001000100001001
10010000000010010000100000010001000000010000000100010000010010001
10010000000001100000011110010000100000010000000011100000001100001
10000000000000000000000000000000000000000000000000000000000000001
10000000000000000000000000000000000000000000000000000000000000001
11111111111111111111111111111111111111111111111111111111111111111

